comp
jojo
orel
1
1000.000000
0
office
office address
0
0
0
1
br1
address1
1
3
manager1
1
100.000000
1
emp1
2
20.000000
2
emp2
3
30.000000
3
2
A
119
1
p2
10
3
2
6
0
8
0
0
0
3
8
2
0
13
0
1
0
3
3
0
0
3
0
0
0
3
0
8
0
8
0
0
0
3
2
7
0
9
0
0
0
3
9
1
0
13
0
1
0
3
3
6
0
9
0
0
0
3
10
0
0
20
1
1
0
3
9
1
0
19
0
1
0
3
9
1
7
17
0
1
1
119
3
p1
10
3
10
0
0
13
1
1
0
3
1
2
0
3
0
0
0
3
0
7
0
7
0
0
0
3
3
0
0
3
0
0
0
3
4
1
0
5
0
0
0
3
0
0
0
0
0
0
0
3
2
2
0
4
0
0
0
3
9
0
0
9
0
0
0
3
2
7
0
9
0
0
0
3
5
0
0
5
0
0
1
58
p2
10
3
2
6
0
8
0
0
0
3
8
2
0
13
0
1
0
3
3
0
0
3
0
0
0
3
0
8
0
8
0
0
0
3
2
7
0
9
0
0
0
3
9
1
0
13
0
1
0
3
3
6
0
9
0
0
0
3
10
0
0
20
1
1
0
3
9
1
0
19
0
1
0
3
9
1
7
17
0
1
1
119
p3
10
3
2
3
0
5
0
0
0
3
5
1
0
6
0
0
0
3
9
0
0
9
0
0
0
3
5
4
0
9
0
0
0
3
1
3
0
4
0
0
0
3
0
4
0
4
0
0
0
3
4
2
0
6
0
0
0
3
7
2
0
9
0
0
0
3
5
3
0
8
0
0
0
3
7
0
0
7
0
0
1
67
12 12 2024
B
90
1
pp1
10
3
7
1
0
8
0
0
0
3
2
1
0
3
0
0
0
3
7
2
0
9
0
0
0
3
7
2
0
9
0
0
0
3
4
3
0
7
0
0
0
3
10
0
0
18
1
1
0
3
1
7
0
8
0
0
0
3
6
2
0
8
0
0
0
3
10
0
0
15
1
1
0
3
4
1
0
5
0
0
1
90
3
pp1
10
3
7
1
0
8
0
0
0
3
2
1
0
3
0
0
0
3
7
2
0
9
0
0
0
3
7
2
0
9
0
0
0
3
4
3
0
7
0
0
0
3
10
0
0
18
1
1
0
3
1
7
0
8
0
0
0
3
6
2
0
8
0
0
0
3
10
0
0
15
1
1
0
3
4
1
0
5
0
0
1
90
pp2
10
3
0
5
0
5
0
0
0
3
10
0
0
16
1
1
0
3
2
4
0
6
0
0
0
3
6
1
0
7
0
0
0
3
6
0
0
6
0
0
0
3
5
5
0
11
0
1
0
3
1
7
0
8
0
0
0
3
3
2
0
5
0
0
0
3
10
0
0
15
1
1
0
3
4
1
0
5
0
0
1
84
pp3
10
3
0
1
0
1
0
0
0
3
1
1
0
2
0
0
0
3
3
7
0
16
0
1
0
3
6
0
0
6
0
0
0
3
6
1
0
7
0
0
0
3
0
8
0
8
0
0
0
3
10
0
0
17
1
1
0
3
5
2
0
7
0
0
0
3
9
0
0
9
0
0
0
3
0
8
0
8
0
0
1
81
20 12 2025
1
