comp
jojo
orel
1
1000.000000
0
office
office address
0
0
0
1
br1
address1
1
3
manager1
1
100.000000
1
emp1
2
20.000000
2
emp2
3
30.000000
3
2
A
91
1
p1
10
3
7
1
0
8
0
0
0
3
10
0
0
15
1
1
0
3
0
5
0
5
0
0
0
3
3
0
0
3
0
0
0
3
4
4
0
8
0
0
0
3
2
5
0
7
0
0
0
3
6
4
0
20
0
1
0
3
10
0
0
13
1
1
0
3
3
0
0
3
0
0
0
3
9
0
0
9
0
0
1
91
3
p1
10
3
7
1
0
8
0
0
0
3
10
0
0
15
1
1
0
3
0
5
0
5
0
0
0
3
3
0
0
3
0
0
0
3
4
4
0
8
0
0
0
3
2
5
0
7
0
0
0
3
6
4
0
20
0
1
0
3
10
0
0
13
1
1
0
3
3
0
0
3
0
0
0
3
9
0
0
9
0
0
1
91
p2
10
3
2
6
0
8
0
0
0
3
5
0
0
5
0
0
0
3
0
7
0
7
0
0
0
3
2
3
0
5
0
0
0
3
1
8
0
9
0
0
0
3
0
8
0
8
0
0
0
3
6
2
0
8
0
0
0
3
2
4
0
6
0
0
0
3
6
2
0
8
0
0
0
3
7
2
0
9
0
0
1
73
p3
10
3
4
2
0
6
0
0
0
3
1
4
0
5
0
0
0
3
6
2
0
8
0
0
0
3
6
0
0
6
0
0
0
3
3
7
0
10
0
1
0
3
0
5
0
5
0
0
0
3
0
10
0
16
0
1
0
3
6
0
0
6
0
0
0
3
5
3
0
8
0
0
0
3
5
4
0
9
0
0
1
79
12 12 2024
B
117
1
pp3
10
3
10
0
0
14
1
1
0
3
4
0
0
4
0
0
0
3
7
2
0
9
0
0
0
3
6
1
0
7
0
0
0
3
2
8
0
10
0
1
0
3
0
8
0
8
0
0
0
3
7
2
0
9
0
0
0
3
10
0
0
28
1
1
0
3
10
0
0
19
1
1
0
3
8
1
0
9
0
0
1
117
3
pp1
10
3
2
7
0
9
0
0
0
3
7
3
0
12
0
1
0
3
2
0
0
2
0
0
0
3
5
4
0
9
0
0
0
3
3
6
0
9
0
0
0
3
7
1
0
8
0
0
0
3
2
6
0
8
0
0
0
3
10
0
0
16
1
1
0
3
2
4
0
6
0
0
0
3
9
1
9
19
0
1
1
98
pp2
10
3
5
5
0
19
0
1
0
3
9
1
0
19
0
1
0
3
9
0
0
9
0
0
0
3
0
7
0
7
0
0
0
3
8
1
0
9
0
0
0
3
8
0
0
8
0
0
0
3
8
1
0
9
0
0
0
3
2
5
0
7
0
0
0
3
0
8
0
8
0
0
0
3
0
9
0
9
0
0
1
104
pp3
10
3
10
0
0
14
1
1
0
3
4
0
0
4
0
0
0
3
7
2
0
9
0
0
0
3
6
1
0
7
0
0
0
3
2
8
0
10
0
1
0
3
0
8
0
8
0
0
0
3
7
2
0
9
0
0
0
3
10
0
0
28
1
1
0
3
10
0
0
19
1
1
0
3
8
1
0
9
0
0
1
117
20 12 2025
1
